1111111111111111111111111111101111111111111111111111111111111100100000000000000000000000000000000000000000000000000000000000101111111111111111111111111111111111111111111111111111111111111111111111111111111111111111111111111111111111111111111111111111111111111111111111111111111111111111111111111111111111111111111000000000000000000000000000000000000000000000000000000000000000000000000000000000011000001000000000000000000000000000000000001001000000000000000000000000000000000000000000000000000000000000000000000
10
79
68
103
70
57
87
78
85
110
112
119
115
118
52
67
75
74
107
113
56
50
77
105
99
97
121
65
86
82
122
106
81
104
114
76
98
117
108
120
51
72
73
89
80
111
109
101
66
71
90
48
54
55
116
102
69
49
83
84
100
88
53
-104
-117
-114
-100
-101
-102
-116
-103
-120
-111
-107
-108
-127
-113
-115
-128
-122
-126
-112
-121
-109
-110
-123
-105
-106
-118
-119
-124
-125
-77
-99
-10
-21
-22
-32
-33
-29
-79
-26
-27
-88
-89
-38
-39
-67
-20
-68
-69
-25
-76
-78
-28
-46
-47
-90
-51
-91
-54
-93
-56
-84
-85
-74
-50
-96
-64
-35
-36
-18
-75
-73
-98
-15
-16
-71
-14
-43
-44
-58
-59
123
126
-52
-53
-65
-97
-19
-94
-62
-48
-49
-63
-95
-11
-70
-12
-13
-57
-92
-60
-61
-45
-87
-55
-66
-30
-31
-80
-81
-40
-41
-34
-82
-37
-83
-17
-72
-23
-24
-42
-86
127
125
124
-2
-9
-1
-3
-4
11
29
-7
-8
-5
-6
19
18
16
15
13
12
17
14
27
28
38
37
20
22
21
39
25
24
23
26
30
40
32
31
34
33
36
35
43
42
41
59
47
46
45
44
58
64
61
60
63
62
92
91
94
93
96
95
4
5
6
7
0
1
2
3
8
9
